$MeshFormat
2.2 0 8
$EndMeshFormat
$Nodes
273
1 0 0 0
2 2 0 0
3 2 1 0
4 0 1 0
5 0 0.9 0
6 0 0.8 0
7 0 0.7 0
8 0 0.6 0
9 0 0.5 0
10 0 0.4 0
11 0 0.3 0
12 0 0.2 0
13 0 0.09999999999999998 0
14 0.1 0 0
15 0.2 0 0
16 0.3 0 0
17 0.4 0 0
18 0.5 0 0
19 0.6 0 0
20 0.7 0 0
21 0.8 0 0
22 0.9 0 0
23 1 0 0
24 1.1 0 0
25 1.2 0 0
26 1.3 0 0
27 1.4 0 0
28 1.5 0 0
29 1.6 0 0
30 1.7 0 0
31 1.8 0 0
32 1.9 0 0
33 2 0.1 0
34 2 0.2 0
35 2 0.3 0
36 2 0.4 0
37 2 0.5 0
38 2 0.6 0
39 2 0.7 0
40 2 0.8 0
41 2 0.9 0
42 1.9 1 0
43 1.8 1 0
44 1.7 1 0
45 1.6 1 0
46 1.5 1 0
47 1.4 1 0
48 1.3 1 0
49 1.2 1 0
50 1.1 1 0
51 1 1 0
52 0.8999999999999999 1 0
53 0.8 1 0
54 0.7 1 0
55 0.6000000000000001 1 0
56 0.5 1 0
57 0.3999999999999999 1 0
58 0.3 1 0
59 0.2 1 0
60 0.1000000000000001 1 0
61 0.24732909936926 0.3980877215041894 0
62 0.2963176768724651 0.4833898755679896 0
63 0.1812075755344844 0.4926492112703074 0
64 0.09226647052470394 0.7603921878654372 0
65 0.166393079519468 0.7248953355082399 0
66 0.1863885180146347 0.8198661167197342 0
67 0.1580379657487027 0.3992491899349322 0
68 0.2493693863310451 0.5684480474454255 0
69 0.1850575678793088 0.3040073967700285 0
70 0.08660254037844373 0.35 0
71 0.2000000000000007 0.6535898384862263 0
72 0.1004097739633883 0.6521108380578269 0
73 0.1635178552414724 0.5833595870519572 0
74 0.4000000000000005 0.653589838486226 0
75 0.3000000000000005 0.6535898384862262 0
76 0.3500000000000003 0.5669872981077823 0
77 0.4500000000000002 0.5669872981077819 0
78 0.3499999999999998 0.3937822173508947 0
79 0.08452994616207476 0.45 0
80 0.08660254037844362 0.55 0
81 0.4 0.4803847577293382 0
82 0.5000000000000003 0.6535898384862255 0
83 0.2999999999999994 0.3071796769724511 0
84 0.4499999999999997 0.3937822173508943 0
85 0.5 0.480384757729338 0
86 0.3500000000000004 0.7401923788646696 0
87 0.4500000000000004 0.7401923788646694 0
88 0.2529006350946118 0.7385176964119752 0
89 0.4001297626549277 0.8267767998328273 0
90 0.300642358969351 0.8266075578827523 0
91 0.08578523861716647 0.8533030857431797 0
92 0.1509482481562339 0.9181883658397991 0
93 0.4500000000000001 0.9133974596215564 0
94 0.5000000000000007 0.8267949192431127 0
95 0.75 0.9133974596215562 0
96 0.7000000000000002 0.8267949192431123 0
97 0.8000000000000002 0.8267949192431123 0
98 0.8499999999999999 0.9133974596215562 0
99 0.5500000000000002 0.9133974596215562 0
100 0.6500000000000001 0.9133974596215561 0
101 0.7500000000000002 0.7401923788646687 0
102 0.6000000000000004 0.8267949192431124 0
103 0.3501362169602131 0.9134761045202036 0
104 0.2508173017612781 0.9138693290134392 0
105 0.6000000000000003 0.6535898384862254 0
106 0.5500000000000002 0.5669872981077818 0
107 0.6500000000000004 0.7401923788646687 0
108 0.5500000000000006 0.7401923788646688 0
109 0.07320508075688748 0.9267949192431124 0
110 1.911274902235089 0.252041532837095 0
111 1.913397459621557 0.35 0
112 1.814037769093571 0.3036691358307926 0
113 1.838023277816125 0.2001657094824562 0
114 1.838438845544331 0.3994027454881996 0
115 1.748109087867955 0.2217202003660218 0
116 1.800045968956493 0.4794006542958274 0
117 1.905972759036449 0.4636303417098425 0
118 1.920108174117483 0.1534846009811132 0
119 1.84455594541057 0.09549528281023978 0
120 1.7 0.4803847577293366 0
121 1.748284933794983 0.3947845940906017 0
122 1.699999999999999 0.3071800214851589 0
123 1.649999999999999 0.3937864580731164 0
124 1.745900115042077 0.0815462500268555 0
125 1.65 0.08660254037844373 0
126 1.55 0.08475109323825253 0
127 1.45 0.08330827270245955 0
128 1.649999999999999 0.220577136594005 0
129 1.776896845117217 0.1513852797348925 0
130 1.5 0.1534394747009817 0
131 1.401799026571214 0.1644059799178146 0
132 1.926794919243112 0.07320508075688792 0
133 1.699999999999999 0.1535898384862248 0
134 1.6 0.1535898384862239 0
135 0.08872509776491078 0.2520415328370955 0
136 0.161976722183874 0.2001657094824561 0
137 0.2509833300061513 0.2215274996423159 0
138 0.5524696364759687 0.2252721889233182 0
139 0.5010837197357174 0.1515694908651781 0
140 0.6021186536685759 0.1491578433949058 0
141 0.1554440545894304 0.09549528281023989 0
142 0.07989182588251731 0.1534846009811132 0
143 0.5517640260542638 0.07826250928764816 0
144 0.3500000000000001 0.08660254037844384 0
145 0.2540998849579224 0.08154625002685573 0
146 0.4501500022154985 0.08255742850496428 0
147 0.3499999999999986 0.220577136594007 0
148 0.2229735002933693 0.1513577510600776 0
149 0.6529498435685184 0.2229159087200179 0
150 0.6517399404545509 0.07517008108061635 0
151 0.07320508075688781 0.07320508075688792 0
152 0.7055284159127059 0.1480696806296868 0
153 0.3999999999999984 0.1535898384862259 0
154 0.2999999999999998 0.1535898384862249 0
155 0.4499999999999988 0.2205771365940066 0
156 1.850978529572797 0.5608188440607207 0
157 1.800595490994461 0.8296956657180761 0
158 1.850498115008428 0.743056831121341 0
159 1.909430275255921 0.8408174380942597 0
160 1.934170094039364 0.5525887128236959 0
161 1.934214817638507 0.7469588938234515 0
162 1.802725204412147 0.6532819277214779 0
163 1.91114569792819 0.6509201999016571 0
164 1.846932647424978 0.9178721636194922 0
165 1.750748899140982 0.5666958373020107 0
166 1.699863783039787 0.8268736424193921 0
167 1.749182698238722 0.9138693290134388 0
168 1.7 0.6535904263746668 0
169 1.75 0.7401925299438452 0
170 1.65 0.740192697451289 0
171 1.65 0.5669895018071534 0
172 1.6 0.6535911621175075 0
173 1.55 0.5669930361961062 0
174 1.6 0.4803922418372486 0
175 1.55 0.7401926525676523 0
176 1.926794919243113 0.9267949192431126 0
177 1.201570350971505 0.1593897566337714 0
178 1.101060936966094 0.1558694869555416 0
179 1.152881242555298 0.08166984716843156 0
180 1.151764026054264 0.2293093424081332 0
181 1.350294004342377 0.08604062216889796 0
182 1.25 0.3943312619635574 0
183 1.2 0.480489772769574 0
184 1.149999999999999 0.3937822173508934 0
185 1.302307200743497 0.1662500739956839 0
186 1.25246963647597 0.08517669509424231 0
187 0.9999999999999996 0.3071796769724497 0
188 1.050150002215498 0.2246555966582451 0
189 1.1 0.3071796769724496 0
190 1.2 0.3104739446484339 0
191 1.1 0.4804022602360434 0
192 1.05 0.08660254037844378 0
193 0.9499999999999997 0.3937822173508936 0
194 0.8499999999999999 0.3937822173508937 0
195 0.8999999999999997 0.3071796769724499 0
196 1.05 0.3937822173508935 0
197 0.9999999999999998 0.4803847577293374 0
198 1.05 0.5669902151922321 0
199 0.9499999999999995 0.220577136594006 0
200 1.299999999999999 0.3090549442488976 0
201 0.9500000000000001 0.08660254037844384 0
202 1.250789600475522 0.2368722975664465 0
203 1.350991066225124 0.2384266552634414 0
204 1.000052536234104 0.1538656831227285 0
205 1.402899099961904 0.3125659838921447 0
206 1.45131962901443 0.2337024702332495 0
207 1.349999999999999 0.3941862693324119 0
208 1.45 0.3938630342814315 0
209 1.35 0.5669872981077808 0
210 1.45 0.5670062213936041 0
211 1.4 0.6535898460890852 0
212 1.399999999999999 0.4804656073310495 0
213 1.3 0.4804658033580941 0
214 1.25 0.5669985991688229 0
215 1.15 0.566987298107781 0
216 1.599999999999999 0.3071833771303913 0
217 1.5 0.4804117021513786 0
218 1.549999999999999 0.393800177576323 0
219 1.1 0.6535898384862249 0
220 1.2 0.6535898384862248 0
221 1.3 0.6535898384862247 0
222 1.55064286663785 0.2226439356976442 0
223 1.502576780915611 0.3089670683262424 0
224 1.25 0.7401923788646685 0
225 1.15 0.7401923788646686 0
226 0.7510285470917595 0.07553045317145723 0
227 0.8499999999999996 0.2205771365940061 0
228 0.8001908759673425 0.3078948400975631 0
229 0.7505850141960817 0.2243479018700912 0
230 0.7005602416079741 0.3076998904470436 0
231 0.7499999999999998 0.3937822173508939 0
232 0.5500686010132212 0.3939126354711525 0
233 0.6501734081167538 0.3940210740702945 0
234 0.6 0.4803847577293378 0
235 0.7 0.4803847577293376 0
236 0.3999999999999994 0.3071796769724507 0
237 0.6004116060793276 0.3079621856940017 0
238 0.4999999999999993 0.3071796769724502 0
239 0.8506428666378514 0.08453590180505033 0
240 0.7999999999999999 0.1537402022714681 0
241 0.9 0.1535898384862247 0
242 1.35 0.7401923788646685 0
243 1.3 0.8267949192431123 0
244 1.5 0.8267949724631369 0
245 1.45 0.7401924244818324 0
246 1.649841080213085 0.9134892250495832 0
247 1.25 0.9133974596215562 0
248 1.35 0.9133974596215562 0
249 1.599950810542145 0.826823441595435 0
250 1.55 0.9133974596215562 0
251 1.5 0.6535942238076313 0
252 1.05 0.9133974596215562 0
253 1.15 0.9133974596215562 0
254 1.2 0.8267949192431123 0
255 1.1 0.8267949192431123 0
256 1.45 0.9133974596215562 0
257 1.4 0.8267949192431123 0
258 1.05 0.7401923788646686 0
259 1 0.8267949192431124 0
260 0.95 0.9133974596215562 0
261 0.9 0.8267949192431123 0
262 0.7999999999999999 0.4803847577293376 0
263 0.9 0.653589838486225 0
264 0.85 0.5669872981077813 0
265 0.95 0.5669872981077811 0
266 0.8500000000000002 0.7401923788646687 0
267 0.8999999999999999 0.4803847577293375 0
268 0.9500000000000001 0.7401923788646687 0
269 0.9999999999999999 0.6535898384862249 0
270 0.6500000000000001 0.5669872981077816 0
271 0.8000000000000002 0.6535898384862251 0
272 0.7500000000000001 0.5669872981077815 0
273 0.7000000000000002 0.6535898384862251 0
$EndNodes
$Elements
548
1 15 2 0 1 1
2 15 2 0 2 2
3 15 2 0 3 3
4 15 2 0 4 4
5 1 2 0 1 4 5
6 1 2 0 1 5 6
7 1 2 0 1 6 7
8 1 2 0 1 7 8
9 1 2 0 1 8 9
10 1 2 0 1 9 10
11 1 2 0 1 10 11
12 1 2 0 1 11 12
13 1 2 0 1 12 13
14 1 2 0 1 13 1
15 1 2 0 2 1 14
16 1 2 0 2 14 15
17 1 2 0 2 15 16
18 1 2 0 2 16 17
19 1 2 0 2 17 18
20 1 2 0 2 18 19
21 1 2 0 2 19 20
22 1 2 0 2 20 21
23 1 2 0 2 21 22
24 1 2 0 2 22 23
25 1 2 0 2 23 24
26 1 2 0 2 24 25
27 1 2 0 2 25 26
28 1 2 0 2 26 27
29 1 2 0 2 27 28
30 1 2 0 2 28 29
31 1 2 0 2 29 30
32 1 2 0 2 30 31
33 1 2 0 2 31 32
34 1 2 0 2 32 2
35 1 2 0 3 2 33
36 1 2 0 3 33 34
37 1 2 0 3 34 35
38 1 2 0 3 35 36
39 1 2 0 3 36 37
40 1 2 0 3 37 38
41 1 2 0 3 38 39
42 1 2 0 3 39 40
43 1 2 0 3 40 41
44 1 2 0 3 41 3
45 1 2 0 4 3 42
46 1 2 0 4 42 43
47 1 2 0 4 43 44
48 1 2 0 4 44 45
49 1 2 0 4 45 46
50 1 2 0 4 46 47
51 1 2 0 4 47 48
52 1 2 0 4 48 49
53 1 2 0 4 49 50
54 1 2 0 4 50 51
55 1 2 0 4 51 52
56 1 2 0 4 52 53
57 1 2 0 4 53 54
58 1 2 0 4 54 55
59 1 2 0 4 55 56
60 1 2 0 4 56 57
61 1 2 0 4 57 58
62 1 2 0 4 58 59
63 1 2 0 4 59 60
64 1 2 0 4 60 4
65 2 2 0 1 61 62 63
66 2 2 0 1 64 65 66
67 2 2 0 1 63 67 61
68 2 2 0 1 63 62 68
69 2 2 0 1 69 67 70
70 2 2 0 1 71 65 72
71 2 2 0 1 72 73 71
72 2 2 0 1 72 65 64
73 2 2 0 1 74 75 76
74 2 2 0 1 77 74 76
75 2 2 0 1 78 62 61
76 2 2 0 1 79 63 80
77 2 2 0 1 77 76 81
78 2 2 0 1 77 82 74
79 2 2 0 1 61 69 83
80 2 2 0 1 81 84 85
81 2 2 0 1 74 86 75
82 2 2 0 1 74 82 87
83 2 2 0 1 72 64 7
84 2 2 0 1 10 79 9
85 2 2 0 1 86 88 75
86 2 2 0 1 78 61 83
87 2 2 0 1 9 80 8
88 2 2 0 1 8 80 72
89 2 2 0 1 81 78 84
90 2 2 0 1 81 62 78
91 2 2 0 1 10 70 79
92 2 2 0 1 8 72 7
93 2 2 0 1 79 80 9
94 2 2 0 1 68 62 76
95 2 2 0 1 77 81 85
96 2 2 0 1 76 62 81
97 2 2 0 1 75 68 76
98 2 2 0 1 74 87 86
99 2 2 0 1 75 71 68
100 2 2 0 1 88 71 75
101 2 2 0 1 87 89 86
102 2 2 0 1 86 90 88
103 2 2 0 1 86 89 90
104 2 2 0 1 90 66 88
105 2 2 0 1 79 67 63
106 2 2 0 1 61 67 69
107 2 2 0 1 66 65 88
108 2 2 0 1 80 73 72
109 2 2 0 1 70 67 79
110 2 2 0 1 68 73 63
111 2 2 0 1 71 73 68
112 2 2 0 1 88 65 71
113 2 2 0 1 63 73 80
114 2 2 0 1 64 66 91
115 2 2 0 1 66 92 91
116 2 2 0 1 93 89 94
117 2 2 0 1 95 96 97
118 2 2 0 1 94 89 87
119 2 2 0 1 95 97 98
120 2 2 0 1 55 99 100
121 2 2 0 1 96 101 97
122 2 2 0 1 55 100 54
123 2 2 0 1 100 99 102
124 2 2 0 1 6 91 5
125 2 2 0 1 54 95 53
126 2 2 0 1 58 103 57
127 2 2 0 1 59 104 58
128 2 2 0 1 56 99 55
129 2 2 0 1 57 103 93
130 2 2 0 1 57 93 56
131 2 2 0 1 93 99 56
132 2 2 0 1 105 82 106
133 2 2 0 1 54 100 95
134 2 2 0 1 104 103 58
135 2 2 0 1 93 94 99
136 2 2 0 1 96 107 101
137 2 2 0 1 100 102 96
138 2 2 0 1 102 107 96
139 2 2 0 1 6 64 91
140 2 2 0 1 95 100 96
141 2 2 0 1 95 98 53
142 2 2 0 1 82 108 87
143 2 2 0 1 7 64 6
144 2 2 0 1 104 90 103
145 2 2 0 1 102 108 107
146 2 2 0 1 99 94 102
147 2 2 0 1 102 94 108
148 2 2 0 1 107 108 105
149 2 2 0 1 108 94 87
150 2 2 0 1 103 89 93
151 2 2 0 1 105 108 82
152 2 2 0 1 90 89 103
153 2 2 0 1 104 66 90
154 2 2 0 1 60 92 59
155 2 2 0 1 104 92 66
156 2 2 0 1 59 92 104
157 2 2 0 1 4 109 60
158 2 2 0 1 5 109 4
159 2 2 0 1 60 109 92
160 2 2 0 1 91 109 5
161 2 2 0 1 92 109 91
162 2 2 0 1 110 111 112
163 2 2 0 1 112 113 110
164 2 2 0 1 111 114 112
165 2 2 0 1 115 113 112
166 2 2 0 1 116 114 117
167 2 2 0 1 118 113 119
168 2 2 0 1 116 120 121
169 2 2 0 1 122 112 121
170 2 2 0 1 121 120 123
171 2 2 0 1 31 124 30
172 2 2 0 1 30 125 29
173 2 2 0 1 32 119 31
174 2 2 0 1 30 124 125
175 2 2 0 1 29 126 28
176 2 2 0 1 119 124 31
177 2 2 0 1 125 126 29
178 2 2 0 1 35 110 34
179 2 2 0 1 28 127 27
180 2 2 0 1 28 126 127
181 2 2 0 1 122 121 123
182 2 2 0 1 35 111 110
183 2 2 0 1 115 112 122
184 2 2 0 1 128 115 122
185 2 2 0 1 113 129 119
186 2 2 0 1 34 118 33
187 2 2 0 1 112 114 121
188 2 2 0 1 110 118 34
189 2 2 0 1 127 130 131
190 2 2 0 1 2 132 32
191 2 2 0 1 33 132 2
192 2 2 0 1 121 114 116
193 2 2 0 1 117 114 111
194 2 2 0 1 110 113 118
195 2 2 0 1 119 129 124
196 2 2 0 1 124 133 125
197 2 2 0 1 128 133 115
198 2 2 0 1 125 134 126
199 2 2 0 1 134 133 128
200 2 2 0 1 125 133 134
201 2 2 0 1 134 130 126
202 2 2 0 1 126 130 127
203 2 2 0 1 118 132 33
204 2 2 0 1 32 132 119
205 2 2 0 1 119 132 118
206 2 2 0 1 115 129 113
207 2 2 0 1 124 129 133
208 2 2 0 1 133 129 115
209 2 2 0 1 69 70 135
210 2 2 0 1 135 136 69
211 2 2 0 1 69 136 137
212 2 2 0 1 138 139 140
213 2 2 0 1 141 136 142
214 2 2 0 1 140 139 143
215 2 2 0 1 69 137 83
216 2 2 0 1 17 144 16
217 2 2 0 1 12 135 11
218 2 2 0 1 15 141 14
219 2 2 0 1 15 145 141
220 2 2 0 1 17 146 144
221 2 2 0 1 135 70 11
222 2 2 0 1 16 145 15
223 2 2 0 1 18 146 17
224 2 2 0 1 11 70 10
225 2 2 0 1 144 145 16
226 2 2 0 1 19 143 18
227 2 2 0 1 143 146 18
228 2 2 0 1 137 147 83
229 2 2 0 1 141 148 136
230 2 2 0 1 13 142 12
231 2 2 0 1 12 142 135
232 2 2 0 1 138 140 149
233 2 2 0 1 19 150 143
234 2 2 0 1 14 151 1
235 2 2 0 1 1 151 13
236 2 2 0 1 142 136 135
237 2 2 0 1 145 148 141
238 2 2 0 1 143 150 140
239 2 2 0 1 149 140 152
240 2 2 0 1 146 139 153
241 2 2 0 1 146 153 144
242 2 2 0 1 143 139 146
243 2 2 0 1 137 154 147
244 2 2 0 1 147 153 155
245 2 2 0 1 153 139 155
246 2 2 0 1 144 154 145
247 2 2 0 1 155 139 138
248 2 2 0 1 144 153 154
249 2 2 0 1 154 153 147
250 2 2 0 1 20 150 19
251 2 2 0 1 13 151 142
252 2 2 0 1 141 151 14
253 2 2 0 1 142 151 141
254 2 2 0 1 140 150 152
255 2 2 0 1 136 148 137
256 2 2 0 1 137 148 154
257 2 2 0 1 154 148 145
258 2 2 0 1 156 116 117
259 2 2 0 1 157 158 159
260 2 2 0 1 117 160 156
261 2 2 0 1 158 161 159
262 2 2 0 1 158 162 163
263 2 2 0 1 162 156 163
264 2 2 0 1 159 164 157
265 2 2 0 1 165 156 162
266 2 2 0 1 165 116 156
267 2 2 0 1 163 161 158
268 2 2 0 1 165 120 116
269 2 2 0 1 166 157 167
270 2 2 0 1 165 162 168
271 2 2 0 1 168 162 169
272 2 2 0 1 169 166 170
273 2 2 0 1 39 163 38
274 2 2 0 1 171 120 165
275 2 2 0 1 171 172 173
276 2 2 0 1 44 167 43
277 2 2 0 1 169 158 157
278 2 2 0 1 37 117 36
279 2 2 0 1 168 169 170
280 2 2 0 1 169 162 158
281 2 2 0 1 41 159 40
282 2 2 0 1 174 120 171
283 2 2 0 1 168 170 172
284 2 2 0 1 169 157 166
285 2 2 0 1 174 171 173
286 2 2 0 1 171 168 172
287 2 2 0 1 117 111 36
288 2 2 0 1 36 111 35
289 2 2 0 1 170 175 172
290 2 2 0 1 171 165 168
291 2 2 0 1 157 164 167
292 2 2 0 1 43 164 42
293 2 2 0 1 156 160 163
294 2 2 0 1 167 164 43
295 2 2 0 1 159 161 40
296 2 2 0 1 39 161 163
297 2 2 0 1 163 160 38
298 2 2 0 1 37 160 117
299 2 2 0 1 42 176 3
300 2 2 0 1 3 176 41
301 2 2 0 1 40 161 39
302 2 2 0 1 38 160 37
303 2 2 0 1 164 176 42
304 2 2 0 1 41 176 159
305 2 2 0 1 159 176 164
306 2 2 0 1 177 178 179
307 2 2 0 1 180 178 177
308 2 2 0 1 27 181 26
309 2 2 0 1 127 131 181
310 2 2 0 1 182 183 184
311 2 2 0 1 25 179 24
312 2 2 0 1 127 181 27
313 2 2 0 1 181 185 186
314 2 2 0 1 26 181 186
315 2 2 0 1 187 188 189
316 2 2 0 1 189 190 184
317 2 2 0 1 190 182 184
318 2 2 0 1 183 191 184
319 2 2 0 1 26 186 25
320 2 2 0 1 24 192 23
321 2 2 0 1 189 188 180
322 2 2 0 1 186 179 25
323 2 2 0 1 193 194 195
324 2 2 0 1 196 191 197
325 2 2 0 1 193 196 197
326 2 2 0 1 193 195 187
327 2 2 0 1 187 189 196
328 2 2 0 1 189 184 196
329 2 2 0 1 131 185 181
330 2 2 0 1 191 198 197
331 2 2 0 1 193 187 196
332 2 2 0 1 195 199 187
333 2 2 0 1 24 179 192
334 2 2 0 1 199 188 187
335 2 2 0 1 184 191 196
336 2 2 0 1 189 180 190
337 2 2 0 1 190 200 182
338 2 2 0 1 192 201 23
339 2 2 0 1 186 177 179
340 2 2 0 1 180 202 190
341 2 2 0 1 177 202 180
342 2 2 0 1 185 177 186
343 2 2 0 1 203 202 185
344 2 2 0 1 179 178 192
345 2 2 0 1 131 203 185
346 2 2 0 1 192 204 201
347 2 2 0 1 199 204 188
348 2 2 0 1 188 178 180
349 2 2 0 1 178 204 192
350 2 2 0 1 188 204 178
351 2 2 0 1 200 202 203
352 2 2 0 1 190 202 200
353 2 2 0 1 185 202 177
354 2 2 0 1 205 203 206
355 2 2 0 1 206 203 131
356 2 2 0 1 207 205 208
357 2 2 0 1 209 210 211
358 2 2 0 1 212 209 213
359 2 2 0 1 213 214 183
360 2 2 0 1 215 198 191
361 2 2 0 1 216 128 122
362 2 2 0 1 207 213 182
363 2 2 0 1 208 217 212
364 2 2 0 1 212 210 209
365 2 2 0 1 218 216 123
366 2 2 0 1 219 215 220
367 2 2 0 1 174 173 217
368 2 2 0 1 173 210 217
369 2 2 0 1 221 214 209
370 2 2 0 1 216 222 128
371 2 2 0 1 220 214 221
372 2 2 0 1 215 191 183
373 2 2 0 1 217 210 212
374 2 2 0 1 208 218 217
375 2 2 0 1 208 205 223
376 2 2 0 1 218 174 217
377 2 2 0 1 123 120 174
378 2 2 0 1 220 221 224
379 2 2 0 1 209 214 213
380 2 2 0 1 183 214 215
381 2 2 0 1 200 207 182
382 2 2 0 1 208 223 218
383 2 2 0 1 218 123 174
384 2 2 0 1 216 122 123
385 2 2 0 1 220 224 225
386 2 2 0 1 219 198 215
387 2 2 0 1 200 205 207
388 2 2 0 1 209 211 221
389 2 2 0 1 207 212 213
390 2 2 0 1 213 183 182
391 2 2 0 1 218 223 216
392 2 2 0 1 216 223 222
393 2 2 0 1 219 220 225
394 2 2 0 1 215 214 220
395 2 2 0 1 207 208 212
396 2 2 0 1 205 206 223
397 2 2 0 1 131 130 206
398 2 2 0 1 223 206 222
399 2 2 0 1 222 130 134
400 2 2 0 1 222 134 128
401 2 2 0 1 200 203 205
402 2 2 0 1 206 130 222
403 2 2 0 1 226 150 20
404 2 2 0 1 152 150 226
405 2 2 0 1 227 228 229
406 2 2 0 1 230 228 231
407 2 2 0 1 229 228 230
408 2 2 0 1 232 233 234
409 2 2 0 1 231 233 230
410 2 2 0 1 234 233 235
411 2 2 0 1 236 147 155
412 2 2 0 1 235 233 231
413 2 2 0 1 237 233 232
414 2 2 0 1 85 232 234
415 2 2 0 1 231 228 194
416 2 2 0 1 238 232 84
417 2 2 0 1 83 147 236
418 2 2 0 1 194 228 195
419 2 2 0 1 230 233 237
420 2 2 0 1 23 201 22
421 2 2 0 1 106 82 77
422 2 2 0 1 84 232 85
423 2 2 0 1 106 77 85
424 2 2 0 1 78 83 236
425 2 2 0 1 237 232 238
426 2 2 0 1 78 236 84
427 2 2 0 1 195 228 227
428 2 2 0 1 22 201 239
429 2 2 0 1 138 149 237
430 2 2 0 1 155 138 238
431 2 2 0 1 138 237 238
432 2 2 0 1 149 152 229
433 2 2 0 1 236 155 238
434 2 2 0 1 195 227 199
435 2 2 0 1 149 229 230
436 2 2 0 1 22 239 21
437 2 2 0 1 149 230 237
438 2 2 0 1 106 85 234
439 2 2 0 1 236 238 84
440 2 2 0 1 21 226 20
441 2 2 0 1 152 240 229
442 2 2 0 1 226 240 152
443 2 2 0 1 239 226 21
444 2 2 0 1 241 240 239
445 2 2 0 1 241 204 199
446 2 2 0 1 227 241 199
447 2 2 0 1 201 204 241
448 2 2 0 1 201 241 239
449 2 2 0 1 227 240 241
450 2 2 0 1 229 240 227
451 2 2 0 1 239 240 226
452 2 2 0 1 224 242 243
453 2 2 0 1 175 244 245
454 2 2 0 1 167 246 166
455 2 2 0 1 247 243 248
456 2 2 0 1 244 249 250
457 2 2 0 1 250 246 45
458 2 2 0 1 166 249 170
459 2 2 0 1 172 251 173
460 2 2 0 1 48 248 47
461 2 2 0 1 252 253 50
462 2 2 0 1 247 253 254
463 2 2 0 1 254 243 247
464 2 2 0 1 252 255 253
465 2 2 0 1 246 249 166
466 2 2 0 1 248 256 47
467 2 2 0 1 256 244 250
468 2 2 0 1 173 251 210
469 2 2 0 1 175 251 172
470 2 2 0 1 175 249 244
471 2 2 0 1 46 256 250
472 2 2 0 1 248 257 256
473 2 2 0 1 221 211 242
474 2 2 0 1 170 249 175
475 2 2 0 1 245 251 175
476 2 2 0 1 242 245 257
477 2 2 0 1 225 255 258
478 2 2 0 1 224 254 225
479 2 2 0 1 224 243 254
480 2 2 0 1 248 243 257
481 2 2 0 1 224 221 242
482 2 2 0 1 243 242 257
483 2 2 0 1 49 247 48
484 2 2 0 1 47 256 46
485 2 2 0 1 242 211 245
486 2 2 0 1 211 251 245
487 2 2 0 1 210 251 211
488 2 2 0 1 257 244 256
489 2 2 0 1 245 244 257
490 2 2 0 1 46 250 45
491 2 2 0 1 45 246 44
492 2 2 0 1 250 249 246
493 2 2 0 1 49 253 247
494 2 2 0 1 253 255 254
495 2 2 0 1 44 246 167
496 2 2 0 1 50 253 49
497 2 2 0 1 258 255 259
498 2 2 0 1 247 248 48
499 2 2 0 1 259 255 252
500 2 2 0 1 254 255 225
501 2 2 0 1 52 98 260
502 2 2 0 1 260 261 259
503 2 2 0 1 98 97 261
504 2 2 0 1 231 194 262
505 2 2 0 1 219 225 258
506 2 2 0 1 263 264 265
507 2 2 0 1 101 266 97
508 2 2 0 1 264 262 267
509 2 2 0 1 51 252 50
510 2 2 0 1 52 260 51
511 2 2 0 1 51 260 252
512 2 2 0 1 53 98 52
513 2 2 0 1 260 259 252
514 2 2 0 1 260 98 261
515 2 2 0 1 268 269 258
516 2 2 0 1 263 265 269
517 2 2 0 1 270 106 234
518 2 2 0 1 270 105 106
519 2 2 0 1 267 193 197
520 2 2 0 1 197 198 265
521 2 2 0 1 267 194 193
522 2 2 0 1 101 271 266
523 2 2 0 1 261 268 259
524 2 2 0 1 264 272 262
525 2 2 0 1 262 194 267
526 2 2 0 1 271 273 272
527 2 2 0 1 268 266 263
528 2 2 0 1 269 219 258
529 2 2 0 1 269 198 219
530 2 2 0 1 263 271 264
531 2 2 0 1 264 267 265
532 2 2 0 1 235 231 262
533 2 2 0 1 268 263 269
534 2 2 0 1 266 271 263
535 2 2 0 1 101 273 271
536 2 2 0 1 97 266 261
537 2 2 0 1 267 197 265
538 2 2 0 1 272 235 262
539 2 2 0 1 270 234 235
540 2 2 0 1 270 273 105
541 2 2 0 1 264 271 272
542 2 2 0 1 272 270 235
543 2 2 0 1 268 258 259
544 2 2 0 1 107 273 101
545 2 2 0 1 261 266 268
546 2 2 0 1 265 198 269
547 2 2 0 1 105 273 107
548 2 2 0 1 272 273 270
$EndElements
